data/de_tol_small/case1/grids/node_dem.dia
NCOLS                 680
NROWS                 720
XLLCORNER              0.000000000000
YLLCORNER              0.000000000000
CELLSIZE             0.50
NODATA_VALUE         0
[rows 378 to 419 of 720, columns 380 to 474 of 680]
618 618 618 618 618 618 618 618 618 618 618 618 618 618 618 618 618 618 618 618 686 686 686 686 686 686 686 686 686 686 692 692 692 692 692 692 692 692 692 692 697 697 697 697 697 697 697 697 697 697 702 702 702 702 702 703 703 703 703 703 759 759 759 759 759 759 759 759 759 759 764 764 764 764 764 764 764 764 764 764 767 767 767 767 767 767 767 767 767 767 770 770 770 770 770
618 618 618 618 618 618 618 618 618 618 618 618 618 618 618 618 618 618 618 618 686 686 686 686 686 686 686 686 686 686 692 692 692 692 692 692 692 692 692 692 697 697 697 697 697 697 697 697 697 697 702 702 702 703 703 703 703 703 703 703 759 759 759 759 759 759 759 759 759 759 764 764 764 764 764 764 764 764 764 764 767 767 767 767 767 767 767 767 767 767 770 770 770 770 770
617 617 617 617 617 617 617 617 617 617 620 620 620 620 620 620 620 620 620 620 685 685 685 685 685 685 685 685 685 685 690 690 690 690 690 690 690 690 690 690 695 695 695 695 695 695 695 695 695 695 700 700 700 701 701 701 701 701 701 701 757 757 757 757 757 757 757 757 757 757 763 763 763 763 763 763 763 763 763 763 769 769 769 769 769 769 769 769 769 769 769 769 769 769 769
617 617 617 617 617 617 617 617 617 617 620 620 620 620 620 620 620 620 620 620 685 685 685 685 685 685 685 685 685 685 690 690 690 690 690 690 690 690 690 690 695 695 695 695 695 695 695 695 695 695 700 701 701 701 701 701 701 701 701 701 757 757 757 757 757 757 757 757 757 757 763 763 763 763 763 763 763 763 763 763 769 769 769 769 769 769 769 769 769 769 769 769 769 769 769
617 617 617 617 617 617 617 617 617 617 620 620 620 620 620 620 620 620 620 620 685 685 685 685 685 685 685 685 685 685 690 690 690 690 690 690 690 690 690 690 695 695 695 695 695 695 695 695 695 696 701 701 701 701 701 701 701 701 701 701 757 757 757 757 757 757 757 757 757 757 763 763 763 763 763 763 763 763 763 763 769 769 769 769 769 769 769 769 769 769 769 769 769 769 769
617 617 617 617 617 617 617 617 617 617 620 620 620 620 620 620 620 620 620 620 685 685 685 685 685 685 685 685 685 685 690 690 690 690 690 690 690 690 690 690 695 695 695 695 695 695 695 695 696 696 701 701 701 701 701 701 701 701 701 701 757 757 757 757 757 757 757 757 757 757 763 763 763 763 763 763 763 763 763 763 769 769 769 769 769 769 769 769 769 769 769 769 769 769 769
617 617 617 617 617 617 617 617 617 617 620 620 620 620 620 620 620 620 620 620 685 685 685 685 685 685 685 685 685 685 690 690 690 690 690 690 690 690 690 690 695 695 695 695 695 695 696 696 696 696 701 701 701 701 701 701 701 701 701 701 757 757 757 757 757 757 757 757 757 757 763 763 763 763 763 763 763 763 763 763 769 769 769 769 769 769 769 769 769 769 769 769 769 769 769
617 617 617 617 617 617 617 617 617 617 620 620 620 620 620 620 620 620 620 620 685 685 685 685 685 685 685 685 685 685 690 690 690 690 690 690 690 690 690 690 695 695 695 695 695 696 696 696 696 696 701 701 701 701 701 701 701 701 701 701 757 757 757 757 757 757 757 757 757 757 763 763 763 763 763 763 763 763 763 763 769 769 769 769 769 769 769 769 769 769 769 769 769 769 769
617 617 617 617 617 617 617 617 617 617 620 620 620 620 620 620 620 620 620 620 685 685 685 685 685 685 685 685 685 685 690 690 690 690 690 690 690 690 690 690 695 695 695 696 696 696 696 696 696 696 701 701 701 701 701 701 701 701 701 701 757 757 757 757 757 757 757 757 757 757 763 763 763 763 763 763 763 763 763 763 769 769 769 769 769 769 769 769 769 769 769 769 769 769 769
617 617 617 617 617 617 617 617 617 617 620 620 620 620 620 620 620 620 620 620 685 685 685 685 685 685 685 685 685 685 690 690 690 690 690 690 690 690 690 690 695 695 696 696 696 696 696 696 696 696 701 701 701 701 701 701 701 701 701 701 757 757 757 757 757 757 757 757 757 757 763 763 763 763 763 763 763 763 763 763 769 769 769 769 769 769 769 769 769 769 769 769 769 769 769
617 617 617 617 617 617 617 617 617 617 620 620 620 620 620 620 620 620 620 620 685 685 685 685 685 685 685 685 685 685 690 690 690 690 690 690 690 690 690 690 695 696 696 696 696 696 696 696 696 696 701 701 701 701 701 701 701 701 701 701 757 757 757 757 757 757 757 757 757 757 763 763 763 763 763 763 763 763 763 763 769 769 769 769 769 769 769 769 769 769 769 769 769 769 769
617 617 617 617 617 617 617 617 617 617 620 620 620 620 620 620 620 620 620 620 685 685 685 685 685 685 685 685 685 685 690 690 690 690 690 690 690 690 691 691 696 696 696 696 696 696 696 696 696 696 701 701 701 701 701 701 701 701 701 701 757 757 757 757 757 757 757 757 757 757 763 763 763 763 763 763 763 763 763 763 769 769 769 769 769 769 769 769 769 769 769 769 769 769 769
616 616 616 616 616 616 616 616 616 616 619 619 619 619 619 619 619 619 619 619 683 683 683 683 683 683 683 683 683 683 688 688 688 688 688 688 688 688 689 689 694 694 694 694 694 694 694 694 694 694 699 699 699 699 699 699 699 699 699 699 756 756 756 756 756 756 756 756 756 756 762 762 762 762 762 762 762 762 762 762 769 769 769 769 769 769 769 769 769 769 769 769 769 769 769
616 616 616 616 616 616 616 616 616 616 619 619 619 619 619 619 619 619 619 619 683 683 683 683 683 683 683 683 683 683 688 688 688 688 688 688 689 689 689 689 694 694 694 694 694 694 694 694 694 694 699 699 699 699 699 699 699 699 699 699 756 756 756 756 756 756 756 756 756 756 762 762 762 762 762 762 762 762 762 762 769 769 769 769 769 769 769 769 769 769 769 769 769 769 769
616 616 616 616 616 616 616 616 616 616 619 619 619 619 619 619 619 619 619 619 683 683 683 683 683 683 683 683 683 683 688 688 688 688 688 689 689 689 689 689 694 694 694 694 694 694 694 694 694 694 699 699 699 699 699 699 699 699 699 699 756 756 756 756 756 756 756 756 756 756 762 762 762 762 762 762 762 762 762 762 769 769 769 769 769 769 769 769 769 769 769 769 769 769 769
616 616 616 616 616 616 616 616 616 616 619 619 619 619 619 619 619 619 619 619 683 683 683 683 683 683 683 683 683 683 688 688 688 688 689 689 689 689 689 689 694 694 694 694 694 694 694 694 694 694 699 699 699 699 699 699 699 699 699 699 756 756 756 756 756 756 756 756 756 756 762 762 762 762 762 762 762 762 762 762 769 769 769 769 769 769 769 769 769 769 769 769 769 769 769
616 616 616 616 616 616 616 616 616 616 619 619 619 619 619 619 619 619 619 619 683 683 683 683 683 683 683 683 683 683 688 688 689 689 689 689 689 689 689 689 694 694 694 694 694 694 694 694 694 694 699 699 699 699 699 699 699 699 699 699 756 756 756 756 756 756 756 756 756 756 762 762 762 762 762 762 762 762 762 762 769 769 769 769 769 769 769 769 769 769 769 769 769 769 769
616 616 616 616 616 616 616 616 616 616 619 619 619 619 619 619 619 619 619 619 683 683 683 683 683 683 683 683 683 683 688 689 689 689 689 689 689 689 689 689 694 694 694 694 694 694 694 694 694 694 699 699 699 699 699 699 699 699 699 699 756 756 756 756 756 756 756 756 756 756 762 762 762 762 762 762 762 762 762 762 769 769 769 769 769 769 769 769 769 769 769 769 769 769 769
616 616 616 616 616 616 616 616 616 616 619 619 619 619 619 619 619 619 619 619 683 683 683 683 683 683 683 683 683 684 689 689 689 689 689 689 689 689 689 689 694 694 694 694 694 694 694 694 694 694 699 699 699 699 699 699 699 699 699 699 756 756 756 756 756 756 756 756 756 756 762 762 762 762 762 762 762 762 762 762 769 769 769 769 769 769 769 769 769 769 769 769 769 769 769
616 616 616 616 616 616 616 616 616 616 619 619 619 619 619 619 619 619 619 619 683 683 683 683 683 683 683 683 684 684 689 689 689 689 689 689 689 689 689 689 694 694 694 694 694 694 694 694 694 694 699 699 699 699 699 699 699 699 699 699 756 756 756 756 756 756 756 756 756 756 762 762 762 762 762 762 762 762 762 762 769 769 769 769 769 769 769 769 769 769 769 769 769 769 769
616 616 616 616 616 616 616 616 616 616 619 619 619 619 619 619 619 619 619 619 683 683 683 683 683 683 684 684 684 684 689 689 689 689 689 689 689 689 689 689 694 694 694 694 694 694 694 694 694 694 699 699 699 699 699 699 699 699 699 699 756 756 756 756 756 756 756 756 756 756 762 762 762 762 762 762 762 762 762 762 769 769 769 769 769 769 769 769 769 769 769 769 769 769 769
616 616 616 616 616 616 616 616 616 616 619 619 619 619 619 619 619 619 619 619 683 683 683 683 684 684 684 684 684 684 689 689 689 689 689 689 689 689 689 689 694 694 694 694 694 694 694 694 694 694 699 699 699 699 699 699 699 699 699 699 756 756 756 756 756 756 756 756 756 756 762 762 762 762 762 762 762 762 762 762 769 769 769 769 769 769 769 769 769 769 769 769 769 769 769
608 608 608 608 608 608 608 608 608 608 612 612 612 612 612 612 612 612 612 612 673 673 673 673 674 674 674 674 674 674 677 677 677 677 677 677 677 677 677 677 679 679 679 679 679 679 679 679 679 679 682 682 682 682 682 682 682 682 682 682 753 753 753 753 753 753 753 753 753 753 753 753 753 753 753 753 753 753 753 753 755 755 755 755 755 755 755 755 755 755 755 755 755 755 755
608 608 608 608 608 608 608 608 608 608 612 612 612 612 612 612 612 612 612 612 673 673 674 674 674 674 674 674 674 674 677 677 677 677 677 677 677 677 677 677 679 679 679 679 679 679 679 679 679 679 682 682 682 682 682 682 682 682 682 682 753 753 753 753 753 753 753 753 753 753 753 753 753 753 753 753 753 753 753 753 755 755 755 755 755 755 755 755 755 755 755 755 755 755 755
608 608 608 608 608 608 608 608 608 608 612 612 612 612 612 612 612 612 612 612 673 674 674 674 674 674 674 674 674 674 677 677 677 677 677 677 677 677 677 677 679 679 679 679 679 679 679 679 679 679 682 682 682 682 682 682 682 682 682 682 753 753 753 753 753 753 753 753 753 753 753 753 753 753 753 753 753 753 753 753 755 755 755 755 755 755 755 755 755 755 755 755 755 755 755
608 608 608 608 608 608 608 608 608 608 612 612 612 612 612 612 612 612 612 613 674 674 674 674 674 674 674 674 674 674 677 677 677 677 677 677 677 677 677 677 679 679 679 679 679 679 679 679 679 679 682 682 682 682 682 682 682 682 682 682 753 753 753 753 753 753 753 753 753 753 753 753 753 753 753 753 753 753 753 753 755 755 755 755 755 755 755 755 755 755 755 755 755 755 755
608 608 608 608 608 608 608 608 608 608 612 612 612 612 612 612 612 612 613 613 674 674 674 674 674 674 674 674 674 674 677 677 677 677 677 677 677 677 677 677 679 679 679 679 679 679 679 679 679 679 682 682 682 682 682 682 682 682 682 682 753 753 753 753 753 753 753 753 753 753 753 753 753 753 753 753 753 753 753 753 755 755 755 755 755 755 755 755 755 755 755 755 755 755 755
608 608 608 608 608 608 608 608 608 608 612 612 612 612 612 612 613 613 613 613 674 674 674 674 674 674 674 674 674 674 677 677 677 677 677 677 677 677 677 677 679 679 679 679 679 679 679 679 679 679 682 682 682 682 682 682 682 682 682 682 753 753 753 753 753 753 753 753 753 753 753 753 753 753 753 753 753 753 753 753 755 755 755 755 755 755 755 755 755 755 755 755 755 755 755
608 608 608 608 608 608 608 608 608 608 612 612 612 612 612 613 613 613 613 613 674 674 674 674 674 674 674 674 674 674 677 677 677 677 677 677 677 677 677 677 679 679 679 679 679 679 679 679 679 679 682 682 682 682 682 682 682 682 682 682 753 753 753 753 753 753 753 753 753 753 753 753 753 753 753 753 753 753 753 753 755 755 755 755 755 755 755 755 755 755 755 755 755 755 755
608 608 608 608 608 608 608 608 608 608 612 612 612 612 613 613 613 613 613 613 674 674 674 674 674 674 674 674 674 674 677 677 677 677 677 677 677 677 677 677 679 679 679 679 679 679 679 679 679 679 682 682 682 682 682 682 682 682 682 682 753 753 753 753 753 753 753 753 753 753 753 753 753 753 753 753 753 753 753 753 755 755 755 755 755 755 755 755 755 755 755 755 755 755 755
608 608 608 608 608 608 608 608 608 608 612 612 613 613 613 613 613 613 613 613 674 674 674 674 674 674 674 674 674 674 677 677 677 677 677 677 677 677 677 677 679 679 679 679 679 679 679 679 679 679 682 682 682 682 682 682 682 682 682 682 753 753 753 753 753 753 753 753 753 753 753 753 753 753 753 753 753 753 753 753 755 755 755 755 755 755 755 755 755 755 755 755 755 755 755
608 608 608 608 608 608 608 608 608 608 612 613 613 613 613 613 613 613 613 613 674 674 674 674 674 674 674 674 674 674 677 677 677 677 677 677 677 677 677 677 679 679 679 679 679 679 679 679 679 679 682 682 682 682 682 682 682 682 682 682 753 753 753 753 753 753 753 753 753 753 753 753 753 753 753 753 753 753 753 753 755 755 755 755 755 755 755 755 755 755 755 755 755 755 755
606 606 606 606 606 606 606 606 606 606 611 611 611 611 611 611 611 611 611 611 672 672 672 672 672 672 672 672 672 672 676 676 676 676 676 676 676 676 676 676 678 678 678 678 678 678 678 678 678 678 681 681 681 681 681 681 681 681 681 681 753 753 753 753 753 753 753 753 753 753 753 753 753 753 753 753 753 753 753 753 755 755 755 755 755 755 755 755 755 755 755 755 755 755 755
606 606 606 606 606 606 606 606 607 607 611 611 611 611 611 611 611 611 611 611 672 672 672 672 672 672 672 672 672 672 676 676 676 676 676 676 676 676 676 676 678 678 678 678 678 678 678 678 678 678 681 681 681 681 681 681 681 681 681 681 753 753 753 753 753 753 753 753 753 753 753 753 753 753 753 753 753 753 753 753 755 755 755 755 755 755 755 755 755 755 755 755 755 755 755
606 606 606 606 606 606 607 607 607 607 611 611 611 611 611 611 611 611 611 611 672 672 672 672 672 672 672 672 672 672 676 676 676 676 676 676 676 676 676 676 678 678 678 678 678 678 678 678 678 678 681 681 681 681 681 681 681 681 681 681 753 753 753 753 753 753 753 753 753 753 753 753 753 753 753 753 753 753 753 753 755 755 755 755 755 755 755 755 755 755 755 755 755 755 755
606 606 606 606 606 607 607 607 607 607 611 611 611 611 611 611 611 611 611 611 672 672 672 672 672 672 672 672 672 672 676 676 676 676 676 676 676 676 676 676 678 678 678 678 678 678 678 678 678 678 681 681 681 681 681 681 681 681 681 681 753 753 753 753 753 753 753 753 753 753 753 753 753 753 753 753 753 753 753 753 755 755 755 755 755 755 755 755 755 755 755 755 755 755 755
606 606 606 606 607 607 607 607 607 607 611 611 611 611 611 611 611 611 611 611 672 672 672 672 672 672 672 672 672 672 676 676 676 676 676 676 676 676 676 676 678 678 678 678 678 678 678 678 678 678 681 681 681 681 681 681 681 681 681 681 753 753 753 753 753 753 753 753 753 753 753 753 753 753 753 753 753 753 753 753 755 755 755 755 755 755 755 755 755 755 755 755 755 755 755
606 606 607 607 607 607 607 607 607 607 611 611 611 611 611 611 611 611 611 611 672 672 672 672 672 672 672 672 672 672 676 676 676 676 676 676 676 676 676 676 678 678 678 678 678 678 678 678 678 678 681 681 681 681 681 681 681 681 681 681 753 753 753 753 753 753 753 753 753 753 753 753 753 753 753 753 753 753 753 753 755 755 755 755 755 755 755 755 755 755 755 755 755 755 755
606 607 607 607 607 607 607 607 607 607 611 611 611 611 611 611 611 611 611 611 672 672 672 672 672 672 672 672 672 672 676 676 676 676 676 676 676 676 676 676 678 678 678 678 678 678 678 678 678 678 681 681 681 681 681 681 681 681 681 681 753 753 753 753 753 753 753 753 753 753 753 753 753 753 753 753 753 753 753 753 755 755 755 755 755 755 755 755 755 755 755 755 755 755 755
607 607 607 607 607 607 607 607 607 607 611 611 611 611 611 611 611 611 611 611 672 672 672 672 672 672 672 672 672 672 676 676 676 676 676 676 676 676 676 676 678 678 678 678 678 678 678 678 678 678 681 681 681 681 681 681 681 681 681 681 753 753 753 753 753 753 753 753 753 753 753 753 753 753 753 753 753 753 753 753 755 755 755 755 755 755 755 755 755 755 755 755 755 755 755
607 607 607 607 607 607 607 607 607 607 611 611 611 611 611 611 611 611 611 611 672 672 672 672 672 672 672 672 672 672 676 676 676 676 676 676 676 676 676 676 678 678 678 678 678 678 678 678 678 678 681 681 681 681 681 681 681 681 681 681 753 753 753 753 753 753 753 753 753 753 753 753 753 753 753 753 753 753 753 753 755 755 755 755 755 755 755 755 755 755 755 755 755 755 755
607 607 607 607 607 607 607 607 607 607 611 611 611 611 611 611 611 611 611 611 672 672 672 672 672 672 672 672 672 672 676 676 676 676 676 676 676 676 676 676 678 678 678 678 678 678 678 678 678 678 681 681 681 681 681 681 681 681 681 681 753 753 753 753 753 753 753 753 753 753 753 753 753 753 753 753 753 753 753 753 755 755 755 755 755 755 755 755 755 755 755 755 755 755 755
