data/de_tol_small/case1/grids/node_dem.dia
NCOLS                 680
NROWS                 720
XLLCORNER              0.000000000000
YLLCORNER              0.000000000000
CELLSIZE             0.50
NODATA_VALUE         0
[rows 630 to 671 of 720, columns 0 to 94 of 680]
25 25 25 25 25 25 25 25 25 25 25 25 25 25 25 25 25 25 25 25 27 27 27 27 27 27 27 27 27 27 30 30 30 30 30 30 30 30 30 30 79 79 79 79 79 79 79 79 79 79 82 82 82 82 82 82 82 82 82 82 85 85 85 85 85 85 85 85 85 86 90 90 90 90 90 90 90 90 90 90 127 127 127 127 127 127 127 127 127 127 133 133 133 133 133
25 25 25 25 25 25 25 25 25 25 25 25 25 25 25 25 25 25 25 25 27 27 27 27 27 27 27 27 27 27 30 30 30 30 30 30 30 30 30 30 79 79 79 79 79 79 79 79 79 79 82 82 82 82 82 82 82 82 82 82 85 85 85 85 85 85 85 86 86 86 90 90 90 90 90 90 90 90 90 90 127 127 127 127 127 127 127 127 127 127 133 133 133 133 133
25 25 25 25 25 25 25 25 25 25 25 25 25 25 25 25 25 25 25 25 27 27 27 27 27 27 27 27 27 27 30 30 30 30 30 30 30 30 30 30 79 79 79 79 79 79 79 79 79 79 82 82 82 82 82 82 82 82 82 82 85 85 85 85 85 85 86 86 86 86 90 90 90 90 90 90 90 90 90 90 127 127 127 127 127 127 127 127 127 127 133 133 133 133 133
25 25 25 25 25 25 25 25 25 25 25 25 25 25 25 25 25 25 25 25 27 27 27 27 27 27 27 27 27 27 30 30 30 30 30 30 30 30 30 30 79 79 79 79 79 79 79 79 79 79 82 82 82 82 82 82 82 82 82 82 85 85 85 85 86 86 86 86 86 86 90 90 90 90 90 90 90 90 90 90 127 127 127 127 127 127 127 127 127 127 133 133 133 133 133
25 25 25 25 25 25 25 25 25 25 25 25 25 25 25 25 25 25 25 25 27 27 27 27 27 27 27 27 27 27 30 30 30 30 30 30 30 30 30 30 79 79 79 79 79 79 79 79 79 79 82 82 82 82 82 82 82 82 82 82 85 85 85 86 86 86 86 86 86 86 90 90 90 90 90 90 90 90 90 90 127 127 127 127 127 127 127 127 127 127 133 133 133 133 133
25 25 25 25 25 25 25 25 25 25 25 25 25 25 25 25 25 25 25 25 27 27 27 27 27 27 27 27 27 27 30 30 30 30 30 30 30 30 30 30 79 79 79 79 79 79 79 79 79 79 82 82 82 82 82 82 82 82 82 82 85 86 86 86 86 86 86 86 86 86 90 90 90 90 90 90 90 90 90 90 127 127 127 127 127 127 127 127 127 127 133 133 133 133 133
25 25 25 25 25 25 25 25 25 25 25 25 25 25 25 25 25 25 25 25 27 27 27 27 27 27 27 27 27 27 30 30 30 30 30 30 30 30 30 30 79 79 79 79 79 79 79 79 79 79 82 82 82 82 82 82 82 82 82 83 86 86 86 86 86 86 86 86 86 86 90 90 90 90 90 90 90 90 90 90 127 127 127 127 127 127 127 127 127 127 133 133 133 133 133
25 25 25 25 25 25 25 25 25 25 25 25 25 25 25 25 25 25 25 25 27 27 27 27 27 27 27 27 27 27 30 30 30 30 30 30 30 30 30 30 79 79 79 79 79 79 79 79 79 79 82 82 82 82 82 82 82 82 83 83 86 86 86 86 86 86 86 86 86 86 90 90 90 90 90 90 90 90 90 90 127 127 127 127 127 127 127 127 127 127 133 133 133 133 133
25 25 25 25 25 25 25 25 25 25 25 25 25 25 25 25 25 25 25 25 27 27 27 27 27 27 27 27 27 27 30 30 30 30 30 30 30 30 30 30 79 79 79 79 79 79 79 79 79 79 82 82 82 82 82 82 82 83 83 83 86 86 86 86 86 86 86 86 86 86 90 90 90 90 90 90 90 90 90 90 127 127 127 127 127 127 127 127 127 127 133 133 133 133 133
25 25 25 25 25 25 25 25 25 25 25 25 25 25 25 25 25 25 25 25 27 27 27 27 27 27 27 27 27 27 30 30 30 30 30 30 30 30 30 30 79 79 79 79 79 79 79 79 79 79 82 82 82 82 82 83 83 83 83 83 86 86 86 86 86 86 86 86 86 86 90 90 90 90 90 90 90 90 90 90 127 127 127 127 127 127 127 127 127 127 133 133 133 133 133
8 8 8 8 8 8 8 8 8 8 13 13 13 13 13 13 13 13 13 13 19 19 19 19 19 19 19 19 19 19 24 24 24 24 24 24 24 24 24 24 67 67 67 67 67 67 67 67 67 67 72 72 72 72 72 73 73 73 73 73 75 75 75 75 75 75 75 75 75 75 78 78 78 78 78 78 78 78 78 78 124 124 124 124 124 124 124 124 124 124 124 124 124 124 124
8 8 8 8 8 8 8 8 8 8 13 13 13 13 13 13 13 13 13 13 19 19 19 19 19 19 19 19 19 19 24 24 24 24 24 24 24 24 24 24 67 67 67 67 67 67 67 67 67 67 72 72 73 73 73 73 73 73 73 73 75 75 75 75 75 75 75 75 75 75 78 78 78 78 78 78 78 78 78 78 124 124 124 124 124 124 124 124 124 124 124 124 124 124 124
8 8 8 8 8 8 8 8 8 8 13 13 13 13 13 13 13 13 13 13 19 19 19 19 19 19 19 19 19 19 24 24 24 24 24 24 24 24 24 24 67 67 67 67 67 67 67 67 67 67 72 73 73 73 73 73 73 73 73 73 75 75 75 75 75 75 75 75 75 75 78 78 78 78 78 78 78 78 78 78 124 124 124 124 124 124 124 124 124 124 124 124 124 124 124
8 8 8 8 8 8 8 8 8 8 13 13 13 13 13 13 13 13 13 13 19 19 19 19 19 19 19 19 19 19 24 24 24 24 24 24 24 24 24 24 67 67 67 67 67 67 67 67 67 68 73 73 73 73 73 73 73 73 73 73 75 75 75 75 75 75 75 75 75 75 78 78 78 78 78 78 78 78 78 78 124 124 124 124 124 124 124 124 124 124 124 124 124 124 124
8 8 8 8 8 8 8 8 8 8 13 13 13 13 13 13 13 13 13 13 19 19 19 19 19 19 19 19 19 19 24 24 24 24 24 24 24 24 24 24 67 67 67 67 67 67 67 67 68 68 73 73 73 73 73 73 73 73 73 73 75 75 75 75 75 75 75 75 75 75 78 78 78 78 78 78 78 78 78 78 124 124 124 124 124 124 124 124 124 124 124 124 124 124 124
8 8 8 8 8 8 8 8 8 8 13 13 13 13 13 13 13 13 13 13 19 19 19 19 19 19 19 19 19 19 24 24 24 24 24 24 24 24 24 24 67 67 67 67 67 67 68 68 68 68 73 73 73 73 73 73 73 73 73 73 75 75 75 75 75 75 75 75 75 75 78 78 78 78 78 78 78 78 78 78 124 124 124 124 124 124 124 124 124 124 124 124 124 124 124
8 8 8 8 8 8 8 8 8 8 13 13 13 13 13 13 13 13 13 13 19 19 19 19 19 19 19 19 19 19 24 24 24 24 24 24 24 24 24 24 67 67 67 67 67 68 68 68 68 68 73 73 73 73 73 73 73 73 73 73 75 75 75 75 75 75 75 75 75 75 78 78 78 78 78 78 78 78 78 78 124 124 124 124 124 124 124 124 124 124 124 124 124 124 124
8 8 8 8 8 8 8 8 8 8 13 13 13 13 13 13 13 13 13 13 19 19 19 19 19 19 19 19 19 19 24 24 24 24 24 24 24 24 24 24 67 67 67 68 68 68 68 68 68 68 73 73 73 73 73 73 73 73 73 73 75 75 75 75 75 75 75 75 75 75 78 78 78 78 78 78 78 78 78 78 124 124 124 124 124 124 124 124 124 124 124 124 124 124 124
8 8 8 8 8 8 8 8 8 8 13 13 13 13 13 13 13 13 13 13 19 19 19 19 19 19 19 19 19 19 24 24 24 24 24 24 24 24 24 24 67 67 68 68 68 68 68 68 68 68 73 73 73 73 73 73 73 73 73 73 75 75 75 75 75 75 75 75 75 75 78 78 78 78 78 78 78 78 78 78 124 124 124 124 124 124 124 124 124 124 124 124 124 124 124
8 8 8 8 8 8 8 8 8 8 13 13 13 13 13 13 13 13 13 13 19 19 19 19 19 19 19 19 19 19 24 24 24 24 24 24 24 24 24 24 68 68 68 68 68 68 68 68 68 68 73 73 73 73 73 73 73 73 73 73 75 75 75 75 75 75 75 75 75 75 78 78 78 78 78 78 78 78 78 78 124 124 124 124 124 124 124 124 124 124 124 124 124 124 124
7 7 7 7 7 7 7 7 7 7 12 12 12 12 12 12 12 12 12 12 17 17 17 17 17 17 17 17 17 17 22 22 22 22 22 22 22 22 22 23 66 66 66 66 66 66 66 66 66 66 71 71 71 71 71 71 71 71 71 71 74 74 74 74 74 74 74 74 74 74 77 77 77 77 77 77 77 77 77 77 124 124 124 124 124 124 124 124 124 124 124 124 124 124 124
7 7 7 7 7 7 7 7 7 7 12 12 12 12 12 12 12 12 12 12 17 17 17 17 17 17 17 17 17 17 22 22 22 22 22 22 22 23 23 23 66 66 66 66 66 66 66 66 66 66 71 71 71 71 71 71 71 71 71 71 74 74 74 74 74 74 74 74 74 74 77 77 77 77 77 77 77 77 77 77 124 124 124 124 124 124 124 124 124 124 124 124 124 124 124
7 7 7 7 7 7 7 7 7 7 12 12 12 12 12 12 12 12 12 12 17 17 17 17 17 17 17 17 17 17 22 22 22 22 22 22 23 23 23 23 66 66 66 66 66 66 66 66 66 66 71 71 71 71 71 71 71 71 71 71 74 74 74 74 74 74 74 74 74 74 77 77 77 77 77 77 77 77 77 77 124 124 124 124 124 124 124 124 124 124 124 124 124 124 124
7 7 7 7 7 7 7 7 7 7 12 12 12 12 12 12 12 12 12 12 17 17 17 17 17 17 17 17 17 17 22 22 22 22 23 23 23 23 23 23 66 66 66 66 66 66 66 66 66 66 71 71 71 71 71 71 71 71 71 71 74 74 74 74 74 74 74 74 74 74 77 77 77 77 77 77 77 77 77 77 124 124 124 124 124 124 124 124 124 124 124 124 124 124 124
7 7 7 7 7 7 7 7 7 7 12 12 12 12 12 12 12 12 12 12 17 17 17 17 17 17 17 17 17 17 22 22 22 23 23 23 23 23 23 23 66 66 66 66 66 66 66 66 66 66 71 71 71 71 71 71 71 71 71 71 74 74 74 74 74 74 74 74 74 74 77 77 77 77 77 77 77 77 77 77 124 124 124 124 124 124 124 124 124 124 124 124 124 124 124
7 7 7 7 7 7 7 7 7 7 12 12 12 12 12 12 12 12 12 12 17 17 17 17 17 17 17 17 17 17 22 23 23 23 23 23 23 23 23 23 66 66 66 66 66 66 66 66 66 66 71 71 71 71 71 71 71 71 71 71 74 74 74 74 74 74 74 74 74 74 77 77 77 77 77 77 77 77 77 77 124 124 124 124 124 124 124 124 124 124 124 124 124 124 124
7 7 7 7 7 7 7 7 7 7 12 12 12 12 12 12 12 12 12 12 17 17 17 17 17 17 17 17 17 18 23 23 23 23 23 23 23 23 23 23 66 66 66 66 66 66 66 66 66 66 71 71 71 71 71 71 71 71 71 71 74 74 74 74 74 74 74 74 74 74 77 77 77 77 77 77 77 77 77 77 124 124 124 124 124 124 124 124 124 124 124 124 124 124 124
7 7 7 7 7 7 7 7 7 7 12 12 12 12 12 12 12 12 12 12 17 17 17 17 17 17 17 17 18 18 23 23 23 23 23 23 23 23 23 23 66 66 66 66 66 66 66 66 66 66 71 71 71 71 71 71 71 71 71 71 74 74 74 74 74 74 74 74 74 74 77 77 77 77 77 77 77 77 77 77 124 124 124 124 124 124 124 124 124 124 124 124 124 124 124
7 7 7 7 7 7 7 7 7 7 12 12 12 12 12 12 12 12 12 12 17 17 17 17 17 17 17 18 18 18 23 23 23 23 23 23 23 23 23 23 66 66 66 66 66 66 66 66 66 66 71 71 71 71 71 71 71 71 71 71 74 74 74 74 74 74 74 74 74 74 77 77 77 77 77 77 77 77 77 77 124 124 124 124 124 124 124 124 124 124 124 124 124 124 124
7 7 7 7 7 7 7 7 7 7 12 12 12 12 12 12 12 12 12 12 17 17 17 17 18 18 18 18 18 18 23 23 23 23 23 23 23 23 23 23 66 66 66 66 66 66 66 66 66 66 71 71 71 71 71 71 71 71 71 71 74 74 74 74 74 74 74 74 74 74 77 77 77 77 77 77 77 77 77 77 124 124 124 124 124 124 124 124 124 124 124 124 124 124 124
6 6 6 6 6 6 6 6 6 6 10 10 10 10 10 10 10 10 10 10 15 15 15 15 16 16 16 16 16 16 21 21 21 21 21 21 21 21 21 21 65 65 65 65 65 65 65 65 65 65 70 70 70 70 70 70 70 70 70 70 76 76 76 76 76 76 76 76 76 76 76 76 76 76 76 76 76 76 76 76 123 123 123 123 123 123 123 123 123 123 123 123 123 123 123
6 6 6 6 6 6 6 6 6 6 10 10 10 10 10 10 10 10 10 10 15 15 16 16 16 16 16 16 16 16 21 21 21 21 21 21 21 21 21 21 65 65 65 65 65 65 65 65 65 65 70 70 70 70 70 70 70 70 70 70 76 76 76 76 76 76 76 76 76 76 76 76 76 76 76 76 76 76 76 76 123 123 123 123 123 123 123 123 123 123 123 123 123 123 123
6 6 6 6 6 6 6 6 6 6 10 10 10 10 10 10 10 10 10 10 15 16 16 16 16 16 16 16 16 16 21 21 21 21 21 21 21 21 21 21 65 65 65 65 65 65 65 65 65 65 70 70 70 70 70 70 70 70 70 70 76 76 76 76 76 76 76 76 76 76 76 76 76 76 76 76 76 76 76 76 123 123 123 123 123 123 123 123 123 123 123 123 123 123 123
6 6 6 6 6 6 6 6 6 6 10 10 10 10 10 10 10 10 10 11 16 16 16 16 16 16 16 16 16 16 21 21 21 21 21 21 21 21 21 21 65 65 65 65 65 65 65 65 65 65 70 70 70 70 70 70 70 70 70 70 76 76 76 76 76 76 76 76 76 76 76 76 76 76 76 76 76 76 76 76 123 123 123 123 123 123 123 123 123 123 123 123 123 123 123
6 6 6 6 6 6 6 6 6 6 10 10 10 10 10 10 10 10 11 11 16 16 16 16 16 16 16 16 16 16 21 21 21 21 21 21 21 21 21 21 65 65 65 65 65 65 65 65 65 65 70 70 70 70 70 70 70 70 70 70 76 76 76 76 76 76 76 76 76 76 76 76 76 76 76 76 76 76 76 76 123 123 123 123 123 123 123 123 123 123 123 123 123 123 123
6 6 6 6 6 6 6 6 6 6 10 10 10 10 10 10 11 11 11 11 16 16 16 16 16 16 16 16 16 16 21 21 21 21 21 21 21 21 21 21 65 65 65 65 65 65 65 65 65 65 70 70 70 70 70 70 70 70 70 70 76 76 76 76 76 76 76 76 76 76 76 76 76 76 76 76 76 76 76 76 123 123 123 123 123 123 123 123 123 123 123 123 123 123 123
6 6 6 6 6 6 6 6 6 6 10 10 10 10 10 11 11 11 11 11 16 16 16 16 16 16 16 16 16 16 21 21 21 21 21 21 21 21 21 21 65 65 65 65 65 65 65 65 65 65 70 70 70 70 70 70 70 70 70 70 76 76 76 76 76 76 76 76 76 76 76 76 76 76 76 76 76 76 76 76 123 123 123 123 123 123 123 123 123 123 123 123 123 123 123
6 6 6 6 6 6 6 6 6 6 10 10 10 11 11 11 11 11 11 11 16 16 16 16 16 16 16 16 16 16 21 21 21 21 21 21 21 21 21 21 65 65 65 65 65 65 65 65 65 65 70 70 70 70 70 70 70 70 70 70 76 76 76 76 76 76 76 76 76 76 76 76 76 76 76 76 76 76 76 76 123 123 123 123 123 123 123 123 123 123 123 123 123 123 123
6 6 6 6 6 6 6 6 6 6 10 10 11 11 11 11 11 11 11 11 16 16 16 16 16 16 16 16 16 16 21 21 21 21 21 21 21 21 21 21 65 65 65 65 65 65 65 65 65 65 70 70 70 70 70 70 70 70 70 70 76 76 76 76 76 76 76 76 76 76 76 76 76 76 76 76 76 76 76 76 123 123 123 123 123 123 123 123 123 123 123 123 123 123 123
6 6 6 6 6 6 6 6 6 6 11 11 11 11 11 11 11 11 11 11 16 16 16 16 16 16 16 16 16 16 21 21 21 21 21 21 21 21 21 21 65 65 65 65 65 65 65 65 65 65 70 70 70 70 70 70 70 70 70 70 76 76 76 76 76 76 76 76 76 76 76 76 76 76 76 76 76 76 76 76 123 123 123 123 123 123 123 123 123 123 123 123 123 123 123
5 5 5 5 5 5 5 5 5 5 9 9 9 9 9 9 9 9 9 9 14 14 14 14 14 14 14 14 14 14 20 20 20 20 20 20 20 20 20 20 64 64 64 64 64 64 64 64 64 64 69 69 69 69 69 69 69 69 69 69 76 76 76 76 76 76 76 76 76 76 76 76 76 76 76 76 76 76 76 76 123 123 123 123 123 123 123 123 123 123 123 123 123 123 123
5 5 5 5 5 5 5 5 5 5 9 9 9 9 9 9 9 9 9 9 14 14 14 14 14 14 14 14 14 14 20 20 20 20 20 20 20 20 20 20 64 64 64 64 64 64 64 64 64 64 69 69 69 69 69 69 69 69 69 69 76 76 76 76 76 76 76 76 76 76 76 76 76 76 76 76 76 76 76 76 123 123 123 123 123 123 123 123 123 123 123 123 123 123 123
