data/de_tol_small/case1/grids/node_dem.dia
NCOLS                 680
NROWS                 720
XLLCORNER              0.000000000000
YLLCORNER              0.000000000000
CELLSIZE             0.50
NODATA_VALUE         0
[rows 462 to 503 of 720, columns 190 to 284 of 680]
301 301 301 301 301 301 301 301 301 301 365 365 365 365 365 365 365 365 365 365 365 365 365 365 365 365 365 365 365 365 367 367 367 367 367 367 367 367 367 367 367 367 367 367 367 367 367 367 367 367 421 421 421 421 421 421 421 421 421 421 421 421 421 421 421 421 421 421 421 421 424 424 424 424 424 424 424 424 424 424 427 427 427 427 427 427 427 427 427 427 469 469 469 469 469
301 301 301 301 301 301 301 301 301 301 365 365 365 365 365 365 365 365 365 365 365 365 365 365 365 365 365 365 365 365 367 367 367 367 367 367 367 367 367 367 367 367 367 367 367 367 367 367 367 367 421 421 421 421 421 421 421 421 421 421 421 421 421 421 421 421 421 421 421 421 424 424 424 424 424 424 424 424 424 424 427 427 427 427 427 427 427 427 427 427 469 469 469 469 469
301 301 301 301 301 301 301 301 301 301 365 365 365 365 365 365 365 365 365 365 365 365 365 365 365 365 365 365 365 365 367 367 367 367 367 367 367 367 367 367 367 367 367 367 367 367 367 367 367 367 421 421 421 421 421 421 421 421 421 421 421 421 421 421 421 421 421 421 421 421 424 424 424 424 424 424 424 424 424 424 427 427 427 427 427 427 427 427 427 427 469 469 469 469 469
301 301 301 301 301 301 301 301 301 301 365 365 365 365 365 365 365 365 365 365 365 365 365 365 365 365 365 365 365 365 367 367 367 367 367 367 367 367 367 367 367 367 367 367 367 367 367 367 367 367 421 421 421 421 421 421 421 421 421 421 421 421 421 421 421 421 421 421 421 421 424 424 424 424 424 424 424 424 424 424 427 427 427 427 427 427 427 427 427 427 469 469 469 469 469
301 301 301 301 301 301 301 301 301 301 365 365 365 365 365 365 365 365 365 365 365 365 365 365 365 365 365 365 365 365 367 367 367 367 367 367 367 367 367 367 367 367 367 367 367 367 367 367 367 367 421 421 421 421 421 421 421 421 421 421 421 421 421 421 421 421 421 421 421 421 424 424 424 424 424 424 424 424 424 424 427 427 427 427 427 427 427 427 427 427 469 469 469 469 469
301 301 301 301 301 301 301 301 301 301 365 365 365 365 365 365 365 365 365 365 365 365 365 365 365 365 365 365 365 365 367 367 367 367 367 367 367 367 367 367 367 367 367 367 367 367 367 367 367 367 421 421 421 421 421 421 421 421 421 421 421 421 421 421 421 421 421 421 421 421 424 424 424 424 424 424 424 424 424 424 427 427 427 427 427 427 427 427 427 427 469 469 469 469 469
301 301 301 301 301 301 301 301 301 301 365 365 365 365 365 365 365 365 365 365 365 365 365 365 365 365 365 365 365 365 367 367 367 367 367 367 367 367 367 367 367 367 367 367 367 367 367 367 367 367 421 421 421 421 421 421 421 421 421 421 421 421 421 421 421 421 421 421 421 421 424 424 424 424 424 424 424 424 424 424 427 427 427 427 427 427 427 427 427 427 469 469 469 469 469
301 301 301 301 301 301 301 301 301 301 365 365 365 365 365 365 365 365 365 365 365 365 365 365 365 365 365 365 365 365 367 367 367 367 367 367 367 367 367 367 367 367 367 367 367 367 367 367 367 367 421 421 421 421 421 421 421 421 421 421 421 421 421 421 421 421 421 421 421 421 424 424 424 424 424 424 424 424 424 424 427 427 427 427 427 427 427 427 427 427 469 469 469 469 469
301 301 301 301 301 301 301 301 301 301 365 365 365 365 365 365 365 365 365 365 365 365 365 365 365 365 365 365 365 365 367 367 367 367 367 367 367 367 367 367 367 367 367 367 367 367 367 367 367 367 421 421 421 421 421 421 421 421 421 421 421 421 421 421 421 421 421 421 421 421 423 423 423 423 423 423 423 423 423 423 426 426 426 426 426 426 426 426 426 426 468 468 468 468 468
301 301 301 301 301 301 301 301 301 301 365 365 365 365 365 365 365 365 365 365 365 365 365 365 365 365 365 365 365 365 367 367 367 367 367 367 367 367 367 367 367 367 367 367 367 367 367 367 367 367 421 421 421 421 421 421 421 421 421 421 421 421 421 421 421 421 421 421 421 421 423 423 423 423 423 423 423 423 423 423 426 426 426 426 426 426 426 426 426 426 468 468 468 468 468
301 301 301 301 301 301 301 301 301 301 365 365 365 365 365 365 365 365 365 365 365 365 365 365 365 365 365 365 365 365 367 367 367 367 367 367 367 367 367 367 367 367 367 367 367 367 367 367 367 367 421 421 421 421 421 421 421 421 421 421 421 421 421 421 421 421 421 421 421 421 423 423 423 423 423 423 423 423 423 423 426 426 426 426 426 426 426 426 426 426 468 468 468 468 468
301 301 301 301 301 301 301 301 301 301 365 365 365 365 365 365 365 365 365 365 365 365 365 365 365 365 365 365 365 365 367 367 367 367 367 367 367 367 367 367 367 367 367 367 367 367 367 367 367 367 421 421 421 421 421 421 421 421 421 421 421 421 421 421 421 421 421 421 421 421 423 423 423 423 423 423 423 423 423 423 426 426 426 426 426 426 426 426 426 426 468 468 468 468 468
301 301 301 301 301 301 301 301 301 301 365 365 365 365 365 365 365 365 365 365 365 365 365 365 365 365 365 365 365 365 367 367 367 367 367 367 367 367 367 367 367 367 367 367 367 367 367 367 367 367 421 421 421 421 421 421 421 421 421 421 421 421 421 421 421 421 421 421 421 421 423 423 423 423 423 423 423 423 423 423 426 426 426 426 426 426 426 426 426 426 468 468 468 468 468
301 301 301 301 301 301 301 301 301 301 365 365 365 365 365 365 365 365 365 365 365 365 365 365 365 365 365 365 365 365 367 367 367 367 367 367 367 367 367 367 367 367 367 367 367 367 367 367 367 367 421 421 421 421 421 421 421 421 421 421 421 421 421 421 421 421 421 421 421 421 423 423 423 423 423 423 423 423 423 423 426 426 426 426 426 426 426 426 426 426 468 468 468 468 468
301 301 301 301 301 301 301 301 301 301 365 365 365 365 365 365 365 365 365 365 365 365 365 365 365 365 365 365 365 365 367 367 367 367 367 367 367 367 367 367 367 367 367 367 367 367 367 367 367 367 421 421 421 421 421 421 421 421 421 421 421 421 421 421 421 421 421 421 421 421 423 423 423 423 423 423 423 423 423 423 426 426 426 426 426 426 426 426 426 426 468 468 468 468 468
301 301 301 301 301 301 301 301 301 301 365 365 365 365 365 365 365 365 365 365 365 365 365 365 365 365 365 365 365 365 367 367 367 367 367 367 367 367 367 367 367 367 367 367 367 367 367 367 367 367 421 421 421 421 421 421 421 421 421 421 421 421 421 421 421 421 421 421 421 421 423 423 423 423 423 423 423 423 423 423 426 426 426 426 426 426 426 426 426 426 468 468 468 468 468
301 301 301 301 301 301 301 301 301 301 365 365 365 365 365 365 365 365 365 365 365 365 365 365 365 365 365 365 365 365 367 367 367 367 367 367 367 367 367 367 367 367 367 367 367 367 367 367 367 367 421 421 421 421 421 421 421 421 421 421 421 421 421 421 421 421 421 421 421 421 423 423 423 423 423 423 423 423 423 423 426 426 426 426 426 426 426 426 426 426 468 468 468 468 468
301 301 301 301 301 301 301 301 301 301 365 365 365 365 365 365 365 365 365 365 365 365 365 365 365 365 365 365 365 365 367 367 367 367 367 367 367 367 367 367 367 367 367 367 367 367 367 367 367 367 421 421 421 421 421 421 421 421 421 421 421 421 421 421 421 421 421 421 421 421 423 423 423 423 423 423 423 423 423 423 426 426 426 426 426 426 426 426 426 426 468 468 468 468 468
298 298 298 298 298 298 298 298 298 298 353 353 353 353 353 353 353 353 353 353 353 353 353 353 353 353 353 353 353 353 359 359 359 359 359 359 359 359 359 359 364 364 364 364 364 364 364 364 364 364 403 403 403 403 403 403 403 403 403 403 408 408 408 408 408 408 408 408 408 408 414 414 414 414 414 414 414 414 414 414 419 419 419 419 419 419 419 419 419 419 457 457 457 457 457
298 298 298 298 298 298 298 298 298 298 353 353 353 353 353 353 353 353 353 353 353 353 353 353 353 353 353 353 353 353 359 359 359 359 359 359 359 359 359 359 364 364 364 364 364 364 364 364 364 364 403 403 403 403 403 403 403 403 403 403 408 408 408 408 408 408 408 408 408 408 414 414 414 414 414 414 414 414 414 414 419 419 419 419 419 419 419 419 419 419 457 457 457 457 457
298 298 298 298 298 298 298 298 298 298 353 353 353 353 353 353 353 353 353 353 353 353 353 353 353 353 353 353 353 353 359 359 359 359 359 359 359 359 359 359 364 364 364 364 364 364 364 364 364 364 403 403 403 403 403 403 403 403 403 403 408 408 408 408 408 408 408 408 408 408 414 414 414 414 414 414 414 414 414 414 419 419 419 419 419 419 419 419 419 419 457 457 457 457 457
298 298 298 298 298 298 298 298 298 298 353 353 353 353 353 353 353 353 353 353 353 353 353 353 353 353 353 353 353 353 359 359 359 359 359 359 359 359 359 359 364 364 364 364 364 364 364 364 364 364 403 403 403 403 403 403 403 403 403 403 408 408 408 408 408 408 408 408 408 408 414 414 414 414 414 414 414 414 414 414 419 419 419 419 419 419 419 419 419 419 457 457 457 457 457
298 298 298 298 298 298 298 298 298 298 353 353 353 353 353 353 353 353 353 353 353 353 353 353 353 353 353 353 353 353 359 359 359 359 359 359 359 359 359 359 364 364 364 364 364 364 364 364 364 364 403 403 403 403 403 403 403 403 403 403 408 408 408 408 408 408 408 408 408 408 414 414 414 414 414 414 414 414 414 414 419 419 419 419 419 419 419 419 419 419 457 457 457 457 458
298 298 298 298 298 298 298 298 298 298 353 353 353 353 353 353 353 353 353 353 353 353 353 353 353 353 353 353 353 353 359 359 359 359 359 359 359 359 359 359 364 364 364 364 364 364 364 364 364 364 403 403 403 403 403 403 403 403 403 403 408 408 408 408 408 408 408 408 408 408 414 414 414 414 414 414 414 414 414 414 419 419 419 419 419 419 419 419 419 419 457 457 457 458 458
298 298 298 298 298 298 298 298 298 298 353 353 353 353 353 353 353 353 353 353 353 353 353 353 353 353 353 353 353 353 359 359 359 359 359 359 359 359 359 359 364 364 364 364 364 364 364 364 364 364 403 403 403 403 403 403 403 403 403 403 408 408 408 408 408 408 408 408 408 408 414 414 414 414 414 414 414 414 414 414 419 419 419 419 419 419 419 419 419 419 457 458 458 458 458
298 298 298 298 298 298 298 298 298 298 353 353 353 353 353 353 353 353 353 353 353 353 353 353 353 353 353 353 353 353 359 359 359 359 359 359 359 359 359 359 364 364 364 364 364 364 364 364 364 364 403 403 403 403 403 403 403 403 403 403 408 408 408 408 408 408 408 408 408 408 414 414 414 414 414 414 414 414 414 414 419 419 419 419 419 419 419 419 419 420 458 458 458 458 458
298 298 298 298 298 298 298 298 298 298 353 353 353 353 353 353 353 353 353 353 353 353 353 353 353 353 353 353 353 353 359 359 359 359 359 359 359 359 359 359 364 364 364 364 364 364 364 364 364 364 403 403 403 403 403 403 403 403 403 403 408 408 408 408 408 408 408 408 408 408 414 414 414 414 414 414 414 414 414 414 419 419 419 419 419 419 419 419 420 420 458 458 458 458 458
298 298 298 298 298 298 298 298 298 298 353 353 353 353 353 353 353 353 353 353 353 353 353 353 353 353 353 353 353 353 359 359 359 359 359 359 359 359 359 359 364 364 364 364 364 364 364 364 364 364 403 403 403 403 403 403 403 403 403 403 408 408 408 408 408 408 408 408 408 408 414 414 414 414 414 414 414 414 414 414 419 419 419 419 419 419 420 420 420 420 458 458 458 458 458
298 298 298 298 298 298 298 298 298 298 353 353 353 353 353 353 353 353 353 353 353 353 353 353 353 353 353 353 353 353 358 358 358 358 358 358 358 358 358 358 363 363 363 363 363 363 363 363 363 363 402 402 402 402 402 402 402 402 402 402 407 407 407 407 407 407 407 407 407 407 412 412 412 412 412 412 412 412 412 412 417 417 417 417 417 417 418 418 418 418 456 456 456 456 456
298 298 298 298 298 298 298 298 298 298 353 353 353 353 353 353 353 353 353 353 353 353 353 353 353 353 353 353 353 353 358 358 358 358 358 358 358 358 358 358 363 363 363 363 363 363 363 363 363 363 402 402 402 402 402 402 402 402 402 402 407 407 407 407 407 407 407 407 407 407 412 412 412 412 412 412 412 412 412 412 417 417 417 417 418 418 418 418 418 418 456 456 456 456 456
298 298 298 298 298 298 298 298 298 298 353 353 353 353 353 353 353 353 353 353 353 353 353 353 353 353 353 353 353 353 358 358 358 358 358 358 358 358 358 358 363 363 363 363 363 363 363 363 363 363 402 402 402 402 402 402 402 402 402 402 407 407 407 407 407 407 407 407 407 407 412 412 412 412 412 412 412 412 412 412 417 417 417 418 418 418 418 418 418 418 456 456 456 456 456
298 298 298 298 298 298 298 298 298 298 353 353 353 353 353 353 353 353 353 353 353 353 353 353 353 353 353 353 353 353 358 358 358 358 358 358 358 358 358 358 363 363 363 363 363 363 363 363 363 363 402 402 402 402 402 402 402 402 402 402 407 407 407 407 407 407 407 407 407 407 412 412 412 412 412 412 412 412 412 412 417 418 418 418 418 418 418 418 418 418 456 456 456 456 456
298 298 298 298 298 298 298 298 298 298 353 353 353 353 353 353 353 353 353 353 353 353 353 353 353 353 353 353 353 353 358 358 358 358 358 358 358 358 358 358 363 363 363 363 363 363 363 363 363 363 402 402 402 402 402 402 402 402 402 402 407 407 407 407 407 407 407 407 407 407 412 412 412 412 412 412 412 412 412 413 418 418 418 418 418 418 418 418 418 418 456 456 456 456 456
298 298 298 298 298 298 298 298 298 298 353 353 353 353 353 353 353 353 353 353 353 353 353 353 353 353 353 353 353 353 358 358 358 358 358 358 358 358 358 358 363 363 363 363 363 363 363 363 363 363 402 402 402 402 402 402 402 402 402 402 407 407 407 407 407 407 407 407 407 407 412 412 412 412 412 412 412 412 413 413 418 418 418 418 418 418 418 418 418 418 456 456 456 456 456
298 298 298 298 298 298 298 298 298 298 353 353 353 353 353 353 353 353 353 353 353 353 353 353 353 353 353 353 353 353 358 358 358 358 358 358 358 358 358 358 363 363 363 363 363 363 363 363 363 363 402 402 402 402 402 402 402 402 402 402 407 407 407 407 407 407 407 407 407 407 412 412 412 412 412 412 412 413 413 413 418 418 418 418 418 418 418 418 418 418 456 456 456 456 456
298 298 298 298 298 298 298 298 298 298 353 353 353 353 353 353 353 353 353 353 353 353 353 353 353 353 353 353 353 353 358 358 358 358 358 358 358 358 358 358 363 363 363 363 363 363 363 363 363 363 402 402 402 402 402 402 402 402 402 402 407 407 407 407 407 407 407 407 407 407 412 412 412 412 412 412 413 413 413 413 418 418 418 418 418 418 418 418 418 418 456 456 456 456 456
298 298 298 298 298 298 298 298 298 298 353 353 353 353 353 353 353 353 353 353 353 353 353 353 353 353 353 353 353 353 358 358 358 358 358 358 358 358 358 358 363 363 363 363 363 363 363 363 363 363 402 402 402 402 402 402 402 402 402 402 407 407 407 407 407 407 407 407 407 407 412 412 412 412 413 413 413 413 413 413 418 418 418 418 418 418 418 418 418 418 456 456 456 456 456
298 298 298 298 298 298 298 298 298 298 353 353 353 353 353 353 353 353 353 353 353 353 353 353 353 353 353 353 353 353 358 358 358 358 358 358 358 358 358 358 363 363 363 363 363 363 363 363 363 363 402 402 402 402 402 402 402 402 402 402 407 407 407 407 407 407 407 407 407 407 412 412 413 413 413 413 413 413 413 413 418 418 418 418 418 418 418 418 418 418 456 456 456 456 456
297 297 297 297 297 297 297 297 297 297 352 352 352 352 352 352 352 352 352 352 355 355 355 355 355 355 355 355 355 355 357 357 357 357 357 357 357 357 357 357 362 362 362 362 362 362 362 362 362 362 400 400 400 400 400 400 400 400 400 400 405 405 405 405 405 405 405 405 405 405 410 410 411 411 411 411 411 411 411 411 416 416 416 416 416 416 416 416 416 416 455 455 455 455 455
297 297 297 297 297 297 297 297 297 297 352 352 352 352 352 352 352 352 352 352 355 355 355 355 355 355 355 355 355 355 357 357 357 357 357 357 357 357 357 357 362 362 362 362 362 362 362 362 362 362 400 400 400 400 400 400 400 400 400 400 405 405 405 405 405 405 405 405 405 406 411 411 411 411 411 411 411 411 411 411 416 416 416 416 416 416 416 416 416 416 455 455 455 455 455
297 297 297 297 297 297 297 297 297 297 352 352 352 352 352 352 352 352 352 352 355 355 355 355 355 355 355 355 355 355 357 357 357 357 357 357 357 357 357 357 362 362 362 362 362 362 362 362 362 362 400 400 400 400 400 400 400 400 400 400 405 405 405 405 405 405 405 405 405 406 411 411 411 411 411 411 411 411 411 411 416 416 416 416 416 416 416 416 416 416 455 455 455 455 455
297 297 297 297 297 297 297 297 297 297 352 352 352 352 352 352 352 352 352 352 355 355 355 355 355 355 355 355 355 355 357 357 357 357 357 357 357 357 357 357 362 362 362 362 362 362 362 362 362 362 400 400 400 400 400 400 400 400 400 400 405 405 405 405 405 405 405 406 406 406 411 411 411 411 411 411 411 411 411 411 416 416 416 416 416 416 416 416 416 416 455 455 455 455 455
