data/de_tol_small/case1/grids/node_dem.dia
NCOLS                 680
NROWS                 720
XLLCORNER              0.000000000000
YLLCORNER              0.000000000000
CELLSIZE             0.50
NODATA_VALUE         0
[rows 336 to 377 of 720, columns 475 to 569 of 680]
786 786 786 786 786 838 838 838 838 838 838 838 838 838 838 842 842 842 842 842 843 843 843 843 843 848 848 848 848 848 848 848 848 848 848 853 853 853 853 853 853 853 853 853 853 910 910 910 910 910 910 910 910 910 910 913 913 913 913 913 913 913 913 913 913 915 915 915 915 915 915 915 915 915 915 918 918 918 918 918 918 918 918 918 918 986 986 986 986 986 986 986 986 986 986
786 786 786 786 786 838 838 838 838 838 838 838 838 838 838 842 842 842 843 843 843 843 843 843 843 848 848 848 848 848 848 848 848 848 848 853 853 853 853 853 853 853 853 853 853 910 910 910 910 910 910 910 910 910 910 913 913 913 913 913 913 913 913 913 913 915 915 915 915 915 915 915 915 915 915 918 918 918 918 918 918 918 918 918 918 986 986 986 986 986 986 986 986 986 986
786 786 786 786 786 838 838 838 838 838 838 838 838 838 838 842 842 843 843 843 843 843 843 843 843 848 848 848 848 848 848 848 848 848 848 853 853 853 853 853 853 853 853 853 853 910 910 910 910 910 910 910 910 910 910 913 913 913 913 913 913 913 913 913 913 915 915 915 915 915 915 915 915 915 915 918 918 918 918 918 918 918 918 918 918 986 986 986 986 986 986 986 986 986 986
786 786 786 786 786 838 838 838 838 838 838 838 838 838 838 843 843 843 843 843 843 843 843 843 843 848 848 848 848 848 848 848 848 848 848 853 853 853 853 853 853 853 853 853 853 910 910 910 910 910 910 910 910 910 910 913 913 913 913 913 913 913 913 913 913 915 915 915 915 915 915 915 915 915 915 918 918 918 918 918 918 918 918 918 918 986 986 986 986 986 986 986 986 986 986
784 784 784 784 784 836 836 836 836 836 836 836 836 836 837 841 841 841 841 841 841 841 841 841 841 846 846 846 846 846 846 846 846 846 846 852 852 852 852 852 852 852 852 852 852 912 912 912 912 912 912 912 912 912 912 912 912 912 912 912 912 912 912 912 912 917 917 917 917 917 917 917 917 917 917 917 917 917 917 917 917 917 917 917 917 985 985 985 985 985 985 985 985 985 985
784 784 784 784 784 836 836 836 836 836 836 836 837 837 837 841 841 841 841 841 841 841 841 841 841 846 846 846 846 846 846 846 846 846 846 852 852 852 852 852 852 852 852 852 852 912 912 912 912 912 912 912 912 912 912 912 912 912 912 912 912 912 912 912 912 917 917 917 917 917 917 917 917 917 917 917 917 917 917 917 917 917 917 917 917 985 985 985 985 985 985 985 985 985 985
784 784 784 784 784 836 836 836 836 836 836 837 837 837 837 841 841 841 841 841 841 841 841 841 841 846 846 846 846 846 846 846 846 846 846 852 852 852 852 852 852 852 852 852 852 912 912 912 912 912 912 912 912 912 912 912 912 912 912 912 912 912 912 912 912 917 917 917 917 917 917 917 917 917 917 917 917 917 917 917 917 917 917 917 917 985 985 985 985 985 985 985 985 985 985
784 784 784 784 784 836 836 836 836 836 837 837 837 837 837 841 841 841 841 841 841 841 841 841 841 846 846 846 846 846 846 846 846 846 846 852 852 852 852 852 852 852 852 852 852 912 912 912 912 912 912 912 912 912 912 912 912 912 912 912 912 912 912 912 912 917 917 917 917 917 917 917 917 917 917 917 917 917 917 917 917 917 917 917 917 985 985 985 985 985 985 985 985 985 985
784 784 784 784 784 836 836 836 837 837 837 837 837 837 837 841 841 841 841 841 841 841 841 841 841 846 846 846 846 846 846 846 846 846 846 852 852 852 852 852 852 852 852 852 852 912 912 912 912 912 912 912 912 912 912 912 912 912 912 912 912 912 912 912 912 917 917 917 917 917 917 917 917 917 917 917 917 917 917 917 917 917 917 917 917 985 985 985 985 985 985 985 985 985 985
784 784 784 784 784 836 836 837 837 837 837 837 837 837 837 841 841 841 841 841 841 841 841 841 841 846 846 846 846 846 846 846 846 846 846 852 852 852 852 852 852 852 852 852 852 912 912 912 912 912 912 912 912 912 912 912 912 912 912 912 912 912 912 912 912 917 917 917 917 917 917 917 917 917 917 917 917 917 917 917 917 917 917 917 917 985 985 985 985 985 985 985 985 985 985
784 784 784 784 784 836 837 837 837 837 837 837 837 837 837 841 841 841 841 841 841 841 841 841 841 846 846 846 846 846 846 846 846 846 846 852 852 852 852 852 852 852 852 852 852 912 912 912 912 912 912 912 912 912 912 912 912 912 912 912 912 912 912 912 912 917 917 917 917 917 917 917 917 917 917 917 917 917 917 917 917 917 917 917 917 985 985 985 985 985 985 985 985 985 985
784 784 784 784 785 837 837 837 837 837 837 837 837 837 837 841 841 841 841 841 841 841 841 841 841 846 846 846 846 846 846 846 846 846 846 852 852 852 852 852 852 852 852 852 852 912 912 912 912 912 912 912 912 912 912 912 912 912 912 912 912 912 912 912 912 917 917 917 917 917 917 917 917 917 917 917 917 917 917 917 917 917 917 917 917 985 985 985 985 985 985 985 985 985 985
784 784 785 785 785 837 837 837 837 837 837 837 837 837 837 841 841 841 841 841 841 841 841 841 841 846 846 846 846 846 846 846 846 846 846 852 852 852 852 852 852 852 852 852 852 912 912 912 912 912 912 912 912 912 912 912 912 912 912 912 912 912 912 912 912 917 917 917 917 917 917 917 917 917 917 917 917 917 917 917 917 917 917 917 917 985 985 985 985 985 985 985 985 985 985
785 785 785 785 785 837 837 837 837 837 837 837 837 837 837 841 841 841 841 841 841 841 841 841 841 846 846 846 846 846 846 846 846 846 846 852 852 852 852 852 852 852 852 852 852 912 912 912 912 912 912 912 912 912 912 912 912 912 912 912 912 912 912 912 912 917 917 917 917 917 917 917 917 917 917 917 917 917 917 917 917 917 917 917 917 985 985 985 985 985 985 985 985 985 985
783 783 783 783 783 835 835 835 835 835 835 835 835 835 835 840 840 840 840 840 840 840 840 840 840 845 845 845 845 845 845 845 845 845 845 851 851 851 851 851 851 851 851 851 851 912 912 912 912 912 912 912 912 912 912 912 912 912 912 912 912 912 912 912 912 917 917 917 917 917 917 917 917 917 917 917 917 917 917 917 917 917 917 917 917 985 985 985 985 985 985 985 985 985 985
783 783 783 783 783 835 835 835 835 835 835 835 835 835 835 840 840 840 840 840 840 840 840 840 840 845 845 845 845 845 845 845 845 845 845 851 851 851 851 851 851 851 851 851 851 912 912 912 912 912 912 912 912 912 912 912 912 912 912 912 912 912 912 912 912 917 917 917 917 917 917 917 917 917 917 917 917 917 917 917 917 917 917 917 917 985 985 985 985 985 985 985 985 985 985
783 783 783 783 783 835 835 835 835 835 835 835 835 835 835 840 840 840 840 840 840 840 840 840 840 845 845 845 845 845 845 845 845 845 845 851 851 851 851 851 851 851 851 851 851 912 912 912 912 912 912 912 912 912 912 912 912 912 912 912 912 912 912 912 912 917 917 917 917 917 917 917 917 917 917 917 917 917 917 917 917 917 917 917 917 985 985 985 985 985 985 985 985 985 985
783 783 783 783 783 835 835 835 835 835 835 835 835 835 835 840 840 840 840 840 840 840 840 840 840 845 845 845 845 845 845 845 845 845 845 851 851 851 851 851 851 851 851 851 851 912 912 912 912 912 912 912 912 912 912 912 912 912 912 912 912 912 912 912 912 917 917 917 917 917 917 917 917 917 917 917 917 917 917 917 917 917 917 917 917 985 985 985 985 985 985 985 985 985 985
783 783 783 783 783 835 835 835 835 835 835 835 835 835 835 840 840 840 840 840 840 840 840 840 840 845 845 845 845 845 845 845 845 845 845 851 851 851 851 851 851 851 851 851 851 912 912 912 912 912 912 912 912 912 912 912 912 912 912 912 912 912 912 912 912 917 917 917 917 917 917 917 917 917 917 917 917 917 917 917 917 917 917 917 917 985 985 985 985 985 985 985 985 985 985
783 783 783 783 783 835 835 835 835 835 835 835 835 835 835 840 840 840 840 840 840 840 840 840 840 845 845 845 845 845 845 845 845 845 845 851 851 851 851 851 851 851 851 851 851 912 912 912 912 912 912 912 912 912 912 912 912 912 912 912 912 912 912 912 912 917 917 917 917 917 917 917 917 917 917 917 917 917 917 917 917 917 917 917 917 985 985 985 985 985 985 985 985 985 985
783 783 783 783 783 835 835 835 835 835 835 835 835 835 835 840 840 840 840 840 840 840 840 840 840 845 845 845 845 845 845 845 845 845 845 851 851 851 851 851 851 851 851 851 851 912 912 912 912 912 912 912 912 912 912 912 912 912 912 912 912 912 912 912 912 917 917 917 917 917 917 917 917 917 917 917 917 917 917 917 917 917 917 917 917 985 985 985 985 985 985 985 985 985 985
783 783 783 783 783 835 835 835 835 835 835 835 835 835 835 840 840 840 840 840 840 840 840 840 840 845 845 845 845 845 845 845 845 845 845 851 851 851 851 851 851 851 851 851 851 912 912 912 912 912 912 912 912 912 912 912 912 912 912 912 912 912 912 912 912 917 917 917 917 917 917 917 917 917 917 917 917 917 917 917 917 917 917 917 917 985 985 985 985 985 985 985 985 985 985
783 783 783 783 783 835 835 835 835 835 835 835 835 835 835 840 840 840 840 840 840 840 840 840 840 845 845 845 845 845 845 845 845 845 845 851 851 851 851 851 851 851 851 851 851 912 912 912 912 912 912 912 912 912 912 912 912 912 912 912 912 912 912 912 912 917 917 917 917 917 917 917 917 917 917 917 917 917 917 917 917 917 917 917 917 985 985 985 985 985 985 985 985 985 985
783 783 783 783 783 835 835 835 835 835 835 835 835 835 835 840 840 840 840 840 840 840 840 840 840 845 845 845 845 845 845 845 845 845 845 851 851 851 851 851 851 851 851 851 851 912 912 912 912 912 912 912 912 912 912 912 912 912 912 912 912 912 912 912 912 917 917 917 917 917 917 917 917 917 917 917 917 917 917 917 917 917 917 917 917 985 985 985 985 985 985 985 985 985 985
771 771 771 771 771 829 829 829 829 829 829 829 829 829 829 832 832 832 832 832 832 832 832 832 832 834 834 834 834 834 834 834 834 834 834 834 834 834 834 834 834 834 834 834 834 907 907 907 907 907 907 907 907 907 907 907 907 907 907 907 907 907 907 907 907 909 909 909 909 909 909 909 909 909 909 909 909 909 909 909 909 909 909 909 909 984 984 984 984 984 984 984 984 984 984
771 771 771 771 771 829 829 829 829 829 829 829 829 829 829 832 832 832 832 832 832 832 832 832 832 834 834 834 834 834 834 834 834 834 834 834 834 834 834 834 834 834 834 834 834 907 907 907 907 907 907 907 907 907 907 907 907 907 907 907 907 907 907 907 907 909 909 909 909 909 909 909 909 909 909 909 909 909 909 909 909 909 909 909 909 984 984 984 984 984 984 984 984 984 984
771 771 771 771 771 829 829 829 829 829 829 829 829 829 829 832 832 832 832 832 832 832 832 832 832 834 834 834 834 834 834 834 834 834 834 834 834 834 834 834 834 834 834 834 834 907 907 907 907 907 907 907 907 907 907 907 907 907 907 907 907 907 907 907 907 909 909 909 909 909 909 909 909 909 909 909 909 909 909 909 909 909 909 909 909 984 984 984 984 984 984 984 984 984 984
771 771 771 771 771 829 829 829 829 829 829 829 829 829 829 832 832 832 832 832 832 832 832 832 832 834 834 834 834 834 834 834 834 834 834 834 834 834 834 834 834 834 834 834 834 907 907 907 907 907 907 907 907 907 907 907 907 907 907 907 907 907 907 907 907 909 909 909 909 909 909 909 909 909 909 909 909 909 909 909 909 909 909 909 909 984 984 984 984 984 984 984 984 984 984
771 771 771 771 771 829 829 829 829 829 829 829 829 829 829 832 832 832 832 832 832 832 832 832 832 834 834 834 834 834 834 834 834 834 834 834 834 834 834 834 834 834 834 834 834 907 907 907 907 907 907 907 907 907 907 907 907 907 907 907 907 907 907 907 907 909 909 909 909 909 909 909 909 909 909 909 909 909 909 909 909 909 909 909 909 984 984 984 984 984 984 984 984 984 984
771 771 771 771 771 829 829 829 829 829 829 829 829 829 829 832 832 832 832 832 832 832 832 832 832 834 834 834 834 834 834 834 834 834 834 834 834 834 834 834 834 834 834 834 834 907 907 907 907 907 907 907 907 907 907 907 907 907 907 907 907 907 907 907 907 909 909 909 909 909 909 909 909 909 909 909 909 909 909 909 909 909 909 909 909 984 984 984 984 984 984 984 984 984 984
771 771 771 771 771 829 829 829 829 829 829 829 829 829 829 832 832 832 832 832 832 832 832 832 832 834 834 834 834 834 834 834 834 834 834 834 834 834 834 834 834 834 834 834 834 907 907 907 907 907 907 907 907 907 907 907 907 907 907 907 907 907 907 907 907 909 909 909 909 909 909 909 909 909 909 909 909 909 909 909 909 909 909 909 909 984 984 984 984 984 984 984 984 984 984
771 771 771 771 771 829 829 829 829 829 829 829 829 829 829 832 832 832 832 832 832 832 832 832 832 834 834 834 834 834 834 834 834 834 834 834 834 834 834 834 834 834 834 834 834 907 907 907 907 907 907 907 907 907 907 907 907 907 907 907 907 907 907 907 907 909 909 909 909 909 909 909 909 909 909 909 909 909 909 909 909 909 909 909 909 984 984 984 984 984 984 984 984 984 984
771 771 771 771 771 829 829 829 829 829 829 829 829 829 829 832 832 832 832 832 832 832 832 832 832 834 834 834 834 834 834 834 834 834 834 834 834 834 834 834 834 834 834 834 834 907 907 907 907 907 907 907 907 907 907 907 907 907 907 907 907 907 907 907 907 909 909 909 909 909 909 909 909 909 909 909 909 909 909 909 909 909 909 909 909 984 984 984 984 984 984 984 984 984 984
771 771 771 771 771 829 829 829 829 829 829 829 829 829 829 832 832 832 832 832 832 832 832 832 832 834 834 834 834 834 834 834 834 834 834 834 834 834 834 834 834 834 834 834 834 907 907 907 907 907 907 907 907 907 907 907 907 907 907 907 907 907 907 907 907 909 909 909 909 909 909 909 909 909 909 909 909 909 909 909 909 909 909 909 909 984 984 984 984 984 984 984 984 984 984
770 770 770 770 770 828 828 828 828 828 828 828 828 828 828 831 831 831 831 831 831 831 831 831 831 834 834 834 834 834 834 834 834 834 834 834 834 834 834 834 834 834 834 834 834 907 907 907 907 907 907 907 907 907 907 907 907 907 907 907 907 907 907 907 907 909 909 909 909 909 909 909 909 909 909 909 909 909 909 909 909 909 909 909 909 984 984 984 984 984 984 984 984 984 984
770 770 770 770 770 828 828 828 828 828 828 828 828 828 828 831 831 831 831 831 831 831 831 831 831 834 834 834 834 834 834 834 834 834 834 834 834 834 834 834 834 834 834 834 834 907 907 907 907 907 907 907 907 907 907 907 907 907 907 907 907 907 907 907 907 909 909 909 909 909 909 909 909 909 909 909 909 909 909 909 909 909 909 909 909 984 984 984 984 984 984 984 984 984 984
770 770 770 770 770 828 828 828 828 828 828 828 828 828 828 831 831 831 831 831 831 831 831 831 831 834 834 834 834 834 834 834 834 834 834 834 834 834 834 834 834 834 834 834 834 907 907 907 907 907 907 907 907 907 907 907 907 907 907 907 907 907 907 907 907 909 909 909 909 909 909 909 909 909 909 909 909 909 909 909 909 909 909 909 909 984 984 984 984 984 984 984 984 984 984
770 770 770 770 770 828 828 828 828 828 828 828 828 828 828 831 831 831 831 831 831 831 831 831 831 834 834 834 834 834 834 834 834 834 834 834 834 834 834 834 834 834 834 834 834 907 907 907 907 907 907 907 907 907 907 907 907 907 907 907 907 907 907 907 907 909 909 909 909 909 909 909 909 909 909 909 909 909 909 909 909 909 909 909 909 984 984 984 984 984 984 984 984 984 984
770 770 770 770 770 828 828 828 828 828 828 828 828 828 828 831 831 831 831 831 831 831 831 831 831 834 834 834 834 834 834 834 834 834 834 834 834 834 834 834 834 834 834 834 834 907 907 907 907 907 907 907 907 907 907 907 907 907 907 907 907 907 907 907 907 909 909 909 909 909 909 909 909 909 909 909 909 909 909 909 909 909 909 909 909 984 984 984 984 984 984 984 984 984 984
770 770 770 770 770 828 828 828 828 828 828 828 828 828 828 831 831 831 831 831 831 831 831 831 831 834 834 834 834 834 834 834 834 834 834 834 834 834 834 834 834 834 834 834 834 907 907 907 907 907 907 907 907 907 907 907 907 907 907 907 907 907 907 907 907 909 909 909 909 909 909 909 909 909 909 909 909 909 909 909 909 909 909 909 909 984 984 984 984 984 984 984 984 984 984
770 770 770 770 770 828 828 828 828 828 828 828 828 828 828 831 831 831 831 831 831 831 831 831 831 834 834 834 834 834 834 834 834 834 834 834 834 834 834 834 834 834 834 834 834 907 907 907 907 907 907 907 907 907 907 907 907 907 907 907 907 907 907 907 907 909 909 909 909 909 909 909 909 909 909 909 909 909 909 909 909 909 909 909 909 984 984 984 984 984 984 984 984 984 984
770 770 770 770 770 828 828 828 828 828 828 828 828 828 828 831 831 831 831 831 831 831 831 831 831 834 834 834 834 834 834 834 834 834 834 834 834 834 834 834 834 834 834 834 834 907 907 907 907 907 907 907 907 907 907 907 907 907 907 907 907 907 907 907 907 909 909 909 909 909 909 909 909 909 909 909 909 909 909 909 909 909 909 909 909 984 984 984 984 984 984 984 984 984 984
